LABEL = {7x15_c_38.inv}
TAGS = {}
NUMBER_TPS = {38}
COHERENCE_APPROX = {0.285714285714286}
COHERENCE_EXACT = {2/7}
MU2_ND_APPROX = {-0.253006834925506}
MU2_ND_EXACT = {Root[32597467200 + 304400673360*#1 + 718409500620*#1^2 + 96889010407*#1^3 & , 2, 0]}
MU3_ND_APPROX = {0.00259702924364699}
MU3_ND_EXACT = {Root[623466000054720 - 319897904714925264*#1 + 30241036296280961172*#1^2 + 191581231380566414401*#1^3 & , 2, 0]}
MU2_MU3_FIELD = {3.3.19220.1}
TP_FIELD = {}
